0.180007
0.360012
0.540016
0.720022
0.90003
1.08004
1.26006
1.44009
1.62012
1.80016
1.98022
2.16029
2.34038
2.52048
2.7006
2.88074
3.0609
3.24108
3.42129
3.60152
3.78178
3.96207
4.14239
4.32275
4.50313
4.68355
4.86401
5.04451
5.22504
5.40562
5.58624
5.7669
5.94761
6.12837
6.30918
6.49003
6.67094
6.8519
7.03292
7.214
7.39513
7.57632
7.75758
7.9389
8.12028
8.30173
8.48324
8.66483
8.84648
9.02821
9.21001
9.39189
9.57384
9.75588
9.93799
10.1202
10.3025
10.4848
10.6673
10.8498
11.0324
11.2152
11.398
11.5809
11.7639
11.947
12.1302
12.3135
12.4969
12.6804
12.864
13.0477
13.2315
13.4154
13.5995
13.7836
13.9679
14.1523
14.3368
14.5214
14.7062
14.891
15.076
15.2611
15.4464
15.6318
15.8173
16.0029
16.1887
16.3746
16.5606
16.7468
16.9331
17.1196
17.3062
17.4929
17.6798
17.8668
18.054
18.2414
18.4289
18.6165
18.8043
18.9923
19.1804
19.3687
19.5571
19.7457
19.9345
20.1234
20.3126
20.5018
20.6913
20.8809
21.0707
21.2607
21.4508
21.6412
21.8317
22.0224
22.2133
22.4043
22.5956
22.787
22.9787
23.1705
23.3626
23.5548
23.7472
23.9398
24.1326
24.3257
24.5189
24.7123
24.906
25.0998
25.2939
25.4882
25.6827
25.8774
26.0723
26.2674
26.4628
26.6584
26.8542
27.0502
27.2465
27.443
27.6397
27.8367
28.0339
28.2313
28.429
28.6269
28.8251
29.0234
29.2221
29.421
29.6201
29.8195
30.0191
30.219
30.4191
30.6195
30.8202
31.0211
31.2223
31.4237
31.6254
31.8274
32.0296
32.2321
32.4349
32.638
32.8413
33.0449
33.2488
33.4529
33.6574
33.8621
34.0671
34.2724
34.478
34.6839
34.8901
35.0966
35.3033
35.5104
35.7178
35.9254
36.1334
36.3417
36.5503
36.7592
36.9684
37.1779
37.3877
37.5979
37.8083
38.0191
38.2302
38.4416
38.6534
38.8654
39.0779
39.2906
39.5037
39.717
39.9308
40.1449
40.3593
40.574
40.7891
41.0046
41.2203
41.4365
41.653
41.8698
42.087
42.3045
42.5224
42.7407
42.9593
43.1783
43.3977
43.6174
43.8375
44.0579
44.2788
44.5
44.7215
44.9435
45.1658
45.3886
45.6117
45.8351
46.059
46.2833
46.5079
46.733
46.9584
47.1843
47.4105
47.6372
47.8642
48.0917
48.3195
48.5478
48.7765
49.0056
49.2351
49.465
49.6953
49.9261
50.1572
50.3889
50.6209
50.8533
51.0862
51.3196
51.5533
51.7875
52.0221
52.2572
52.4927
52.7287
52.9651
53.2019
53.4392
53.677
53.9152
54.1538
54.3929
54.6325
54.8726
55.1131
55.354
55.5955
55.8374
56.0798
56.3226
56.566
56.8098
57.0541
57.2988
57.5441
57.7899
58.0361
58.2828
58.53
58.7777
59.026
59.2747
59.5239
59.7736
60.0238
60.2746
60.5258
60.7776
61.0298
61.2826
61.5359
61.7897
62.0441
62.299
62.5544
62.8103
63.0667
63.3237
63.5813
63.8393
64.0979
64.3571
64.6168
64.877
65.1378
65.3992
65.661
65.9235
66.1865
66.4501
66.7142
66.9789
67.2442
67.51
67.7764
68.0434
68.3109
68.5791
68.8478
69.1171
69.387
69.6574
69.9285
70.2001
70.4724
70.7452
71.0187
71.2927
71.5673
71.8426
72.1184
72.3949
72.672
72.9497
73.228
73.5069
73.7865
74.0667
74.3475
74.6289
74.911
75.1937
75.477
75.761
76.0456
76.3309
76.6168
76.9034
77.1906
77.4784
77.767
78.0561
78.346
78.6365
78.9276
79.2195
79.512
79.8052
80.099
80.3935
80.6888
80.9847
81.2812
81.5785
81.8765
82.1751
82.4745
82.7745
83.0753
83.3767
83.6789
83.9817
84.2853
84.5896
84.8946
85.2003
85.5068
85.814
86.1219
86.4305
86.7399
87.0499
87.3608
87.6723
87.9847
88.2977
88.6115
88.9261
89.2414
89.5574
89.8743
90.1918
90.5102
90.8293
91.1492
91.4698
91.7913
92.1135
92.4365
92.7602
93.0848
93.4101
93.7363
94.0632
94.3909
94.7194
95.0488
95.3789
95.7098
96.0416
96.3741
96.7075
97.0417
97.3767
97.7126
98.0492
98.3867
98.7251
99.0642
99.4042
99.7451
100.087
100.429
100.773
101.117
101.462
101.808
102.155
102.503
102.851
103.201
103.551
103.902
104.254
104.607
104.961
105.316
105.671
106.028
106.385
106.743
107.103
107.463
107.824
108.186
108.548
108.912
109.277
109.643
110.009
110.377
110.745
111.114
111.485
111.856
112.228
112.601
112.975
113.35
113.726
114.103
114.481
114.86
115.24
115.621
116.003
116.385
116.769
117.154
117.54
117.927
118.314
118.703
119.093
119.484
119.876
120.268
120.662
121.057
121.453
121.85
122.248
122.647
123.047
123.448
123.85
124.253
124.657
125.063
125.469
125.876
126.285
126.694
127.105
127.516
127.929
128.343
128.758
129.174
129.591
130.009
130.429
130.849
131.27
131.693
132.117
132.542
132.968
133.395
133.823
134.252
134.683
135.114
135.547
135.981
136.416
136.853
137.29
137.729
138.168
138.609
139.051
139.494
139.939
140.385
140.831
141.279
141.729
142.179
142.631
143.083
143.537
143.993
144.449
144.907
145.366
145.826
146.287
146.75
147.214
147.679
148.145
148.613
149.082
149.552
150.023
150.496
150.97
151.445
151.921
152.399
152.878
153.359
153.84
154.323
154.808
155.293
155.78
156.268
156.758
157.249
157.741
158.235
158.729
159.226
159.723
160.222
160.722
161.224
161.727
162.232
162.737
163.244
163.753
164.263
164.774
165.287
165.801
166.316
166.833
167.352
167.871
168.393
168.915
169.439
169.965
170.492
171.02
171.55
172.081
172.614
173.148
173.683
174.22
174.759
175.299
175.841
176.384
176.928
177.474
178.022
178.571
179.121
179.673
180.227
180.782
181.339
181.897
182.456
183.018
183.58
184.145
184.711
185.278
185.847
186.418
186.99
187.564
188.139
188.716
189.295
189.875
190.457
191.04
191.625
192.212
192.8
193.39
193.982
194.575
195.169
195.766
196.364
196.964
197.565
198.169
198.773
199.38
199.988
200.598
201.209
201.823
202.438
203.054
203.673
204.293
204.915
205.539
206.164
206.791
207.42
208.05
208.683
209.317
209.953
210.591
211.23
211.871
212.514
213.159
213.806
214.454
215.105
215.757
216.411
217.067
217.724
218.384
219.045
219.708
220.373
221.04
221.709
222.379
223.052
223.726
224.403
225.081
225.761
226.443
227.127
227.813
228.501
229.19
229.882
230.576
231.271
231.969
232.668
233.37
234.073
234.779
235.486
236.195
236.907
237.62
238.336
239.053
239.773
240.494
241.218
241.943
242.671
243.4
244.132
244.866
245.602
246.34
247.08
247.822
248.566
249.313
250.061
250.812
251.564
252.319
253.076
253.835
254.597
255.36
256.126
256.893
257.663
258.435
259.21
259.986
260.765
261.546
262.329
263.114
263.902
264.692
265.484
266.278
267.074
267.873
268.674
269.478
270.283
271.091
271.901
272.714
273.529
274.346
275.165
275.987
276.811
277.638
278.467
279.298
280.132
280.967
281.806
282.646
283.49
284.335
285.183
286.033
286.886
287.741
288.599
289.459
290.321
291.186
292.054
292.924
293.796
294.671
295.548
296.428
297.311
298.195
299.083
299.973
300.865
301.76
302.658
303.558
304.461
305.366
306.274
307.185
308.098
309.013
309.932
310.853
311.776
312.702
313.631
314.563
315.497
316.434
317.373
318.316
319.261
320.208
321.159
322.112
323.067
324.026
324.987
325.951
326.918
327.888
328.86
329.835
330.813
331.794
332.777
333.764
334.753
335.745
336.74
337.737
338.738
339.741
340.748
341.757
342.769
343.784
344.802
345.823
346.846
347.873
348.903
349.935
350.971
352.009
353.051
354.095
355.143
356.193
357.247
358.303
359.363
360.425
361.491
362.56
363.632
364.707
365.785
366.866
367.95
369.037
370.128
371.221
372.318
373.418
374.521
375.627
376.736
377.849
378.965
380.084
381.206
382.331
383.46
384.592
385.727
386.865
388.007
389.152
390.3
391.452
392.607
393.765
394.927
396.091
397.26
398.431
399.606
400.785
401.967
403.152
404.34
405.532
406.728
407.927
409.129
410.335
411.544
412.757
413.973
415.193
416.416
417.643
418.874
420.108
421.345
422.586
423.831
425.079
426.331
427.586
428.845
430.108
431.374
432.644
433.918
435.195
436.476
437.761
439.049
440.341
441.637
442.937
444.24
445.547
446.858
448.173
449.491
450.813
452.139
453.469
454.803
456.141
457.482
458.828
460.177
461.53
462.887
464.248
465.613
466.982
468.354
469.731
471.112
472.497
473.885
475.278
476.675
478.076
479.48
480.889
482.302
483.719
485.141
486.566
487.995
489.429
490.866
492.308
493.754
495.204
496.659
498.117
499.58
501.047
502.518
503.994
505.474
506.958
508.446
509.939
511.436
512.937
514.443
515.953
517.467
518.986
520.509
522.037
523.569
525.105
526.646
528.192
529.741
531.296
532.854
534.418
535.986
537.558
539.135
540.716
542.302
543.893
545.488
547.088
548.693
550.302
551.916
553.534
555.158
556.786
558.418
560.056
561.698
563.345
564.996
566.653
568.314
569.98
571.651
573.326
575.007
576.692
578.383
580.078
581.778
583.483
585.193
586.908
588.628
590.353
592.083
593.818
595.557
597.302
599.053
600.808
602.568
604.333
606.104
607.879
609.66
611.446
613.237
615.033
616.835
618.641
620.453
622.27
624.093
625.92
627.753
629.592
631.435
633.284
635.139
636.999
638.864
640.734
642.61
644.492
646.379
648.271
650.169
652.072
653.981
655.896
657.816
659.741
661.672
663.609
665.551
667.499
669.453
671.412
673.377
675.348
677.325
679.307
681.295
683.288
685.288
687.293
689.304
691.321
693.344
695.373
697.407
699.448
701.494
703.547
705.605
707.669
709.739
711.816
713.898
715.986
718.081
720.181
722.288
724.401
726.519
728.644
730.776
732.913
735.056
737.206
739.362
741.525
743.693
745.868
748.049
750.237
752.431
754.631
756.838
759.051
761.27
763.496
765.728
767.967
770.213
772.465
774.723
776.988
779.26
781.538
783.823
786.114
788.412
790.717
793.029
795.347
797.672
800.003
802.342
804.687
807.039
809.398
811.764
814.136
816.516
818.902
821.296
823.696
826.103
828.518
830.939
833.367
835.803
838.245
840.695
843.152
845.615
848.086
850.565
853.05
855.543
858.043
860.55
863.064
865.586
868.115
870.651
873.195
875.747
878.305
880.871
883.445
886.026
888.614
891.21
893.814
896.425
899.044
901.67
904.304
906.946
909.595
912.252
914.917
917.589
920.27
922.958
925.654
928.357
931.069
933.788
936.516
939.251
941.995
944.746
947.505
950.272
953.048
955.831
958.623
961.422
964.23
967.046
969.87
972.702
975.543
978.392
981.249
984.114
986.988
989.87
992.761
995.66
998.567
1001.48
1004.41
1007.34
1010.28
1013.23
1016.19
1019.16
1022.13
1025.12
1028.11
1031.11
1034.12
1037.14
1040.17
1043.21
1046.25
1049.31
1052.37
1055.44
1058.52
1061.61
1064.71
1067.82
1070.94
1074.06
1077.2
1080.34
1083.5
1086.66
1089.83
1093.01
1096.21
1099.4
1102.61
1105.83
1109.06
1112.3
1115.54
1118.8
1122.07
1125.34
1128.63
1131.92
1135.22
1138.54
1141.86
1145.19
1148.54
1151.89
1155.25
1158.62
1162
1165.39
1168.8
1172.21
1175.63
1179.06
1182.5
1185.95
1189.41
1192.88
1196.36
1199.86
1203.36
1206.87
1210.39
1213.92
1217.47
1221.02
1224.58
1228.15
1231.74
1235.33
1238.94
1242.55
1246.18
1249.82
1253.46
1257.12
1260.79
1264.47
1268.16
1271.86
1275.57
1279.29
1283.02
1286.77
1290.52
1294.29
1298.06
1301.85
1305.65
1309.46
1313.28
1317.11
1320.95
1324.81
1328.67
1332.55
1336.44
1340.34
1344.25
1348.17
1352.1
1356.05
1360
1363.97
1367.95
1371.94
1375.94
1379.96
1383.98
1388.02
1392.07
1396.13
1400.2
1404.29
1408.38
1412.49
1416.61
1420.75
1424.89
1429.05
1433.22
1437.4
1441.59
1445.8
1450.01
1454.24
1458.48
1462.74
1467.01
1471.29
1475.58
1479.88
1484.2
1488.53
1492.87
1497.22
1501.59
1505.97
1510.36
1514.77
1519.19
1523.62
1528.06
1532.52
1536.99
1541.47
1545.97
1550.48
1555
1559.54
1564.09
1568.65
1573.22
1577.81
1582.41
1587.03
1591.66
1596.3
1600.96
1605.62
1610.31
1615
1619.71
1624.44
1629.18
1633.93
1638.69
1643.47
1648.27
1653.07
1657.89
1662.73
1667.58
1672.44
1677.32
1682.21
1687.12
1692.04
1696.97
1701.92
1706.88
1711.86
1716.85
1721.86
1726.88
1731.92
1736.97
1742.04
1747.12
1752.21
1757.32
1762.44
1767.58
1772.74
1777.91
1783.09
1788.29
1793.51
1798.74
1803.98
1809.24
1814.52
1819.81
1825.12
1830.44
1835.78
1841.13
1846.5
1851.89
1857.29
1862.7
1868.13
1873.58
1879.04
1884.52
1890.02
1895.53
1901.06
1906.6
1912.16
1917.74
1923.33
1928.94
1934.56
1940.2
1945.86
1951.53
1957.22
1962.93
1968.65
1974.4
1980.15
1985.93
1991.72
1997.52
2003.35
